5895
2224
10
4344
4827
602
3202
4761
651
1546
8129
6344
4667
4118
8161
4893
5619
2619
2929
2411
8728
983
6251
8362
3876
8953
9218
3208
4274
8308
3489
1989
7388
5568
611
3176
6297
1202
6792
5778
6145
8698
9097
9056
1902
2350
4755
6884
8032
1349
3339
5487
8914
3532
3352
699
8269
7294
1675
633
9386
9386
2472
9598
8116
4887
918
196
3344
6246
5930
8851
2554
7961
2097
2896
8414
3219
2794
3395
8833
5714
6419
927
2423
1369
5001
7559
7416
5578
9074
3403
8153
2458
6057
8128
74
6510
6280
50
2809
6382
8819
9248
5873
5509
3084
7028
6115
9029
1699
8646
5410
412
7849
6872
83
7583
5247
9070
9980
9278
6949
4338
4944
4894
514
3791
6724
2994
8626
6862
5563
1669
3863
2131
6251
6023
6655
8198
3253
7023
5116
6513
8346
9182
8646
4638
1601
1313
5532
237
3756
4223
7658
4545
7904
5452
9189
6942
697
6313
5795
5165
6350
7010
9242
1214
7140
430
1258
1610
6306
5115
2155
8076
8631
8444
5463
8482
9113
7469
1074
406
9906
7348
4717
6585
9697
349
2756
6070
9696
2433
5194
9136
1532
7641
873
387
8133
628
830
753
5420
2467
5389
4800
7511
2676
3699
1683
9005
1411
4513
9453
9586
6072
2906
6251
3132
8223
6498
9299
452
9499
2593
9787
4177
6057
1333
8582
3715
9094
2065
1612
6272
985
696
9712
3622
9465
8618
4902
5742
7909
866
8655
1637
6728
9449
797
7233
465
5932
1660
6411
8587
5127
8944
1836
553
3438
6620
6315
4545
1093
7745
2014
6539
5082
3818
8049
8636
9926
4958
2513
6865
1102
6184
3817
9305
93
7948
8699
8005
1182
8379
2702
7830
781
3537
9700
3817
5952
8907
9644
8703
5048
7042
6464
352
2345
551
9507
7474
2718
4560
910
9129
5807
7353
9514
8665
6066
1410
7113
9981
7937
4497
8401
7074
8530
7412
8006
7771
1176
2747
6716
5051
8269
9962
4483
1123
3744
2049
4552
5380
1726
9305
8045
2545
1524
1523
9085
9764
708
4660
4060
4702
160
6320
4555
5946
1342
1675
2879
7513
6385
6044
1649
6285
8398
538
5365
6029
5258
5419
121
1082
2104
3034
9419
4171
5755
9516
1290
9415
5081
2488
1340
7564
9558
9584
372
9703
3221
7586
1919
4902
9683
9780
8481
4393
2373
8642
1467
4685
8593
5286
707
5943
3990
620
4787
6802
7289
4036
3565
6956
3301
195
9032
6653
2510
5265
6367
4201
3183
1445
8955
9297
3940
7796
5043
3639
3353
9898
1718
1599
9027
232
5317
3834
7323
9509
7614
3700
4736
6111
6977
1830
8981
2681
4690
6866
7729
662
1737
8288
7806
5738
7340
9027
2169
4086
4441
695
2457
786
2897
2984
9751
1344
1796
5689
7066
8586
801
9075
4335
9481
4617
1836
56
5263
9750
5551
8536
8618
9804
6389
1164
78
1687
9235
4740
6483
6064
7417
4777
1808
125
4757
3304
8768
9962
8616
1436
7374
2888
3168
6600
1360
4108
8301
6706
4009
3747
1612
2402
4794
1395
9879
7277
3647
5421
6977
9595
1441
3745
3716
5861
6379
4607
8104
1516
1832
2429
706
9151
6080
9832
5080
9923
8161
8527
6838
9777
8985
216
9653
5578
4394
8332
7324
4750
5049
7959
3072
9370
2096
1641
1700
5018
9268
3381
2548
1777
7153
7880
4838
5570
3485
5169
7334
878
6417
99
3647
5887
826
6534
4205
6236
7926
4606
2184
9141
7669
4564
4164
7272
3958
2137
96
4112
8352
3160
9618
6661
1293
6527
7234
3433
6420
8411
1964
7204
9737
1128
4384
9225
5615
2125
302
4886
4220
2875
1198
2474
3624
2661
7269
6378
4410
6357
774
5161
4904
8021
9956
8553
9186
5788
5450
8022
3927
7473
2460
1482
8495
5893
577
7302
6135
4154
8539
8480
9111
236
9829
9106
6270
6164
9319
5283
3311
6287
6894
4521
6249
6776
1437
2221
8743
2496
7069
4572
5256
4940
2829
3935
4160
9469
3859
999
2743
8845
7296
789
9302
214
3787
8144
6370
242
6515
3876
2796
399
3009
9730
5939
4986
8085
2809
2658
2701
4474
9809
1429
7403
3577
6190
9701
7982
533
6635
8436
3210
1837
7001
3199
4911
6743
1677
7586
7661
7036
6513
8998
4202
4552
7831
8633
3815
2218
2236
6432
4830
5399
9078
9333
6890
7020
4840
4601
2173
9660
9761
2870
8602
3318
9458
2453
5160
3716
5824
7054
1159
1383
977
1425
2947
9102
1407
4442
8659
7678
523
7102
9402
1637
438
8661
976
168
2932
7922
9099
3357
3165
5291
7929
8777
5641
5364
9341
4890
4541
1995
8173
3065
1971
825
8587
5213
9676
8034
135
8707
2555
4675
7008
9538
9452
484
8704
574
2527
1069
397
2482
6391
8872
4563
4226
8571
8386
8776
5096
3059
7640
9309
5011
2653
2271
6813
774
3340
2973
9814
4139
6231
9220
7390
6427
6093
2924
1510
697
4936
7580
1019
9458
2535
5459
2352
7057
3751
9125
6555
9044
1525
7811
39
3878
3467
4191
7964
4842
8559
9149
9556
7638
6869
3481
1925
8249
3211
7340
2557
426
6861
9210
8221
5061
9387
6835
6484
3422
1043
2905
5197
22
729
2802
3491
6797
350
4591
682
5413
8433
2277
1733
93
2013
2452
1829
1136
5561
7429
6055
4902
7788
9131
698
7495
192
2574
6887
9049
5533
2450
4848
1850
7050
5266
8525
6871
8602
4549
6557
6699
8236
2284
7891
9402
3605
8661
4347
4794
9109
5560
3383
4318
6186
8459
5783
2708
5844
7413
8496
6674
5013
3752
6968
7275
6594
1118
1998
3127
3944
8246
1506
2472
2889
8600
671
9894
5011
8808
224
8573
3674
8480
1864
5319
6374
3506
1097
2720
5364
9161
5181
2584
40
6957
6726
8985
9418
3864
2385
5710
288
7029
4853
7553
9463
4472
9056
4205
7093
5094
8090
7998
4993
1922
2255
475
9802
8292
1533
1531
2931
824
422
9887
9740
3488
5901
3252
7471
3213
4707
6570
3474
1191
7250
3772
7142
5431
6262
7103
7787
2020
6974
5039
4900
7363
283
5427
429
2837
8087
9287
5605
832
355
506
1299
7178
5096
9764
5513
6275
8102
9302
4403
9822
5600
8534
3632
9833
310
4334
4045
7496
2662
6159
1165
5083
5231
6370
7398
1209
8997
7339
1328
6165
6725
7446
6481
1299
1047
9297
5721
9321
8264
756
9701
7234
4756
2180
9017
6611
6762
7987
2090
1181
8147
6143
2079
5386
9055
6220
833
5518
9799
7453
76
5058
9747
6819
1390
253
6467
1039
143
1448
2302
5887
5374
6718
5439
3267
3193
1952
1662
2938
7832
2036
4266
4794
6677
4172
7012
5520
806
4003
1106
7169
1399
87
6096
9992
9475
3850
9973
9060
7025
7411
256
522
129
4265
2977
3252
1267
1729
9805
2663
9955
2486
7386
4721
4740
2431
9812
4648
9207
8235
8782
182
5913
8547
5963
9137
4919
8067
1707
3130
719
9846
6300
3033
9132
1807
4521
9772
5061
9543
3895
8619
9833
3919
6484
1421
7243
6590
9005
2721
5173
7204
3638
1002
8372
4064
1598
6760
7929
178
8777
9216
1375
376
6309
7008
5379
2457
5534
5190
39
3070
7672
3470
1662
6153
837
5374
578
6164
5149
8960
1490
4725
4052
6051
3290
9296
3517
7239
2337
8979
2842
2731
9469
1493
8804
4600
1483
9805
8628
2786
6033
6640
3058
2745
4272
3272
5230
7435
2386
5624
3355
5552
7396
5393
9121
5984
9986
9306
2263
4170
1865
3081
1753
8408
9508
3278
6531
9707
3774
7511
9619
5197
1917
4016
1552
3691
197
1130
4659
6560
9183
6359
586
8300
1792
5046
5576
3350
8228
3238
4064
6507
8570
718
3984
5770
4599
8167
8759
918
8323
1764
5373
4167
5119
5049
2902
4937
1835
7461
3706
4627
6201
7054
4735
4842
9475
2039
9738
8657
9276
5701
3581
4519
8776
9944
4600
2599
9270
653
4166
4443
6661
715
191
4564
678
1680
5720
9204
8292
8547
4899
7764
3259
3783
3495
8643
6595
262
9921
9176
4927
4918
9680
7509
6687
4050
7281
9470
7225
4014
8915
8476
5749
7765
4206
4392
3146
6306
3046
4651
866
1696
5866
6674
2801
5498
3813
1402
2085
6910
3067
6051
97
4393
5222
5125
8158
4658
514
216
3846
5031
9345
6825
1753
3731
756
2628
9354
6560
4124
5418
5824
3719
350
9979
2814
9634
957
230
3858
5619
1655
6704
3716
1658
2044
7617
3383
2825
837
6576
3961
4975
6977
6289
5228
2140
8367
1427
2631
421
276
7738
9531
6555
7381
5396
9786
3190
8012
2406
2229
2549
9983
8738
8318
1318
8878
8255
3184
5423
8693
8911
8240
9748
9097
9537
3272
4406
5330
8956
7969
8293
154
9835
9431
9626
7945
1998
2104
6044
276
6284
9446
2066
8011
6845
5247
1839
7212
1604
4840
4321
5103
7424
738
7398
5304
4627
7757
1048
2353
3009
7238
615
3242
9542
9181
5152
8726
5697
910
1122
6765
1291
1373
7842
5984
2706
2844
438
8926
5945
5407
203
3769
4902
9044
869
8110
2140
5103
4212
8795
775
9239
2333
9591
9342
2254
4721
7463
5855
1354
9769
3613
5429
9098
8019
3878
8667
7819
7980
8131
3287
5075
6149
7994
7564
8350
9700
9031
2310
8720
230
6266
806
180
8094
9499
2438
6109
906
2762
307
3479
9925
8314
8125
9428
4457
5310
4974
5900
5321
9585
7061
965
907
2021
1616
965
5371
8787
3420
8194
7694
2541
9087
3808
7902
3826
10
6400
6901
9633
1524
8865
4840
4006
9574
3826
2991
4969
4858
5794
443
3887
3000
4501
2448
4187
5045
6056
6443
6516
6150
3609
2588
1388
3018
7360
6056
5516
9155
5138
4126
7838
943
8919
2319
8676
1093
933
9550
384
7514
9024
8656
7845
3540
6817
4894
3648
8872
7029
3181
6209
5583
519
5644
7965
2907
7933
5262
8079
5218
6431
2080
35
6015
5203
8072
6306
1329
8739
2961
5606
7516
7436
4330
565
7905
8874
3731
6378
442
756
8152
8253
393
7477
2592
7288
4769
1356
5300
4161
4070
8802
2902
4249
1699
172
2452
157
3473
1668
472
3857
7659
5858
8202
7515
5031
9192
7199
1156
6593
3315
8566
9008
2530
8811
8554
3586
5551
9522
2763
7710
150
6117
5633
2962
5390
3721
1056
9315
1297
4525
3042
7809
4963
671
8046
12
5661
7963
3656
2796
2298
6729
6042
841
605
3187
6065
2932
8463
9243
5651
7690
1922
9787
2048
8664
2526
9896
5357
3033
5441
1943
8313
6072
4435
1588
7603
5660
9194
9907
9561
7880
7088
8507
3499
5808
7918
3669
5190
1491
5807
9053
9711
6674
5705
5383
2015
5951
3284
8958
6489
6588
5487
2432
3955
4903
208
1608
6055
8195
4524
1487
6734
4634
856
1537
5361
3796
8746
3262
4104
1037
9037
974
439
8183
8730
9143
6285
1953
9772
9789
8044
7919
4161
8822
5939
9312
1631
7774
9112
5943
7248
2360
530
623
3747
8001
5157
5724
1797
2371
9105
1879
8944
7442
995
8288
7786
7717
8348
3043
4832
8718
3130
1422
1516
6142
5802
4437
3396
4205
2350
9072
2596
4645
6423
7822
1228
2902
9457
4818
1549
4743
5641
3268
4026
6204
8740
5607
5979
4133
3916
7963
1403
8797
5569
9490
29
1391
8750
3769
9341
9942
4996
8807
8150
1993
7698
8182
9639
8865
7280
7322
1265
2042
2810
8859
5475
4927
3791
7720
5554
1772
3336
6029
3649
3632
3261
9699
6213
6739
2204
5215
6014
3599
5260
1550
4282
3654
8260
4791
7248
4199
9671
9965
5910
7845
5055
8563
6380
7601
2621
7103
2435
538
1761
150
9443
5638
3951
2163
5494
811
2999
8002
3670
7394
4601
5590
6554
1710
5676
4653
4640
4796
2387
4876
4578
1570
2585
9467
7207
1347
4096
9422
8712
1458
6105
1283
7761
9826
9778
4186
2121
9790
177
1649
4467
8043
5974
363
353
2377
3757
3409
1
8608
6633
5318
6259
1544
2063
3067
3319
7663
1151
8839
3210
8493
8210
7598
4857
6230
4421
9890
6309
3387
85
5583
574
3423
4929
2554
7172
2680
4083
7690
5112
3905
7789
6174
7549
225
3270
2670
9366
3862
4047
9416
7211
8471
188
6183
4124
7133
2169
2501
9735
6045
3695
6963
3838
9781
8282
9812
2750
5920
6613
4702
1354
1970
1314
6861
3016
2696
3911
8751
5140
6722
2728
6290
6977
7577
187
9401
2010
9088
899
3569
1531
6338
6866
3172
9564
242
6467
2570
9993
8005
1383
2165
5594
1520
6164
9750
4299
8293
8964
6228
51
991
922
9159
6087
4521
8008
3114
4743
438
5392
6707
1802
2227
1593
1259
1345
2018
6689
6488
4116
2280
5743
6504
5507
7402
2740
6013
1896
445
6279
4565
6202
8423
8631
3045
4849
9061
4052
8466
7205
109
5069
9494
7658
9067
6496
8162
7939
2753
7163
7151
642
6556
7850
8185
2505
38
2882
4969
768
5955
7351
6914
8214
8009
6204
7161
2016
5726
1873
2170
581
3499
3622
3875
1535
1874
7651
1627
5101
6662
5384
9752
8066
5136
3496
8033
2959
7084
2455
4956
3164
6147
7002
7972
7652
2572
6968
4619
3196
2623
3482
5869
3276
4116
3383
4303
1648
1150
3615
9400
6431
7881
2634
6079
5695
1563
4219
2572
3370
202
4391
1316
637
8903
5268
6680
382
9995
290
7130
4053
3554
4100
9420
4058
5274
2511
6523
1010
6045
1171
8105
2325
3617
1870
8044
6488
9000
8884
922
8504
1014
933
4913
9434
7223
1535
5125
8757
6281
7454
4290
2717
5678
7190
6941
2870
3731
2362
4049
2259
6712
9686
9063
6128
8499
881
4961
7827
750
5074
5619
8799
5540
2160
8576
2472
3924
6223
556
5934
3476
2322
806
6500
8506
7206
5050
9042
812
6650
1955
2373
6241
7462
517
7176
7117
3276
7101
862
214
7951
2290
7245
6229
7279
3526
4539
6783
8878
1741
9290
589
9488
8285
4231
3208
8778
2180
186
7184
6933
2228
4941
5725
5672
587
4993
3722
3642
4595
369
4051
3330
9370
1784
4684
6989
4727
1012
5821
5217
1933
565
4306
8272
8314
7835
7163
3909
1436
5206
6603
1790
841
3826
2930
4700
3381
1949
9092
3664
4733
5966
7780
9723
251
4004
5351
2429
1124
4679
7443
1829
8412
1556
5352
9601
3742
8496
8884
4709
4111
6481
5575
1380
3419
6780
3554
4603
1566
589
2682
6754
6641
8282
2178
7234
4883
233
5913
847
1106
380
2945
1426
4319
6550
7800
5560
2366
2424
4994
6319
6012
641
8988
7895
4970
4973
2351
6521
2745
9944
8494
743
5633
4308
3751
9012
6802
1682
9846
8768
8970
8795
8429
4902
2173
3379
1664
1089
6148
861
210
1927
7064
8980
939
3568
2475
8219
4033
5993
9234
1498
74
7814
2692
332
8221
452
6681
9063
8683
492
3813
4920
1446
4618
9856
9389
1715
1349
4311
8660
9979
8085
571
7574
2381
8121
3418
8045
3507
7397
5060
6020
2691
156
1247
3405
7114
4452
3528
6375
3205
1564
1889
3798
5100
6876
71
649
5879
9570
8416
3907
2483
4078
609
241
2148
7416
3697
9744
1427
2435
9259
5298
7661
1906
4269
7728
8787
2327
6968
9124
5159
8380
7219
7265
5555
444
7175
1459
579
1854
5461
445
5855
960
8832
279
6909
6578
6202
5472
4524
7839
2087
5500
3444
5956
8274
2714
8245
1708
6905
9539
8338
4637
4807
1860
8368
2543
8201
7038
3081
6789
3014
9376
1036
2730
3623
3241
820
2258
3548
1533
8423
4003
9747
725
5445
8103
6475
2345
710
796
5736
1216
2862
9719
7037
6648
4786
8960
2625
8429
2429
3246
4719
4078
8049
6686
1498
6564
2321
5445
7616
5600
3003
3917
9079
4335
4447
8719
7322
5153
5077
2163
4040
8088
7543
5330
3900
1790
7762
4548
8689
2878
4998
7299
2214
5890
7958
3359
2545
7953
4936
6579
2702
1679
3957
2099
6871
5996
9039
6408
9302
8774
2550
6457
4415
9423
17
4207
1367
6056
1727
9515
8173
2353
7792
8775
8714
8715
6555
2479
5811
3080
3051
4981
8304
134
317
6929
4081
2741
6643
2829
1848
8255
6259
20
941
8798
8047
1504
5472
3707
2850
8062
8092
9875
2565
1138
4564
5235
707
4339
7960
4746
5508
7452
4495
8113
1838
131
4447
4351
2489
5246
6662
8157
8297
2318
2942
4522
2427
2077
9647
3903
4700
2480
2698
3385
574
9510
6741
9460
8913
2507
7823
2937
2661
4957
8544
8608
9840
9617
624
5931
2758
4852
3239
6419
9162
2899
4437
7217
51
9097
8764
4212
2078
6659
9690
8887
7534
8016
2548
3649
9381
6376
3878
2518
2538
6565
6936
7789
6219
2718
8681
8993
7612
3642
5462
1027
7701
8281
1990
9092
2885
6735
796
3128
5955
1986
2126
5214
2653
2275
5122
4297
9896
5190
3497
1846
1023
3139
473
6490
7032
7265
809
208
7071
3989
7791
2310
2210
319
7599
2183
6836
7002
9873
992
5523
950
6448
8510
2073
852
7264
6766
5304
5462
3053
3521
5265
5475
1523
2511
9201
4852
7919
8871
3847
9978
4232
1885
4361
1160
1869
7046
3147
1814
860
2356
9078
667
3203
9349
5089
344
8245
9469
9960
544
4739
200
3634
9925
8909
9994
6162
6156
6897
2065
1350
607
3152
9230
4193
6973
1125
6641
9080
586
6571
7843
5843
5356
7083
3679
6308
3473
5427
8419
9479
6804
4269
2011
6088
2715
7763
2181
2566
2060
2586
6126
840
6870
5998
3764
8143
6541
4307
3735
959
7084
9652
1585
4497
9928
5558
1998
556
8374
1901
7985
2442
8788
1670
5742
6169
4754
4265
1884
8197
512
6840
1568
2491
9507
1003
5103
643
713
9902
9809
1940
6455
8959
1673
8348
2759
3134
9299
4547
1300
826
2000
9188
5111
4961
5857
2941
9089
9717
1215
5344
2761
2493
8
1011
9160
3722
2727
4025
8855
3428
2772
4836
2998
53
8426
4262
4002
8795
7877
139
3204
3526
2727
3714
2879
9381
8161
2155
6961
1008
271
5950
8112
1317
5055
8095
5549
1343
432
2327
2725
8381
9102
7046
6247
9694
4628
1495
7905
6430
7676
901
8224
1186
2071
2803
4048
4994
2362
1146
5574
1542
746
2184
8973
1347
9926
2422
5307
3553
8169
4368
7780
3661
6135
6183
913
2638
3009
5631
1765
7697
5574
9301
900
3986
3645
8307
1675
4039
6057
8583
4047
3310
3432
1450
1289
3302
7201
753
5556
78
7253
1509
1795
4257
6596
7524
8500
805
2743
7721
3631
3560
9847
7400
9107
8805
2393
7196
7797
2698
5455
6569
3203
6565
4
5452
8541
6218
878
2325
9726
3212
1272
2498
7273
3405
4292
6476
7426
6990
7488
1342
1819
6647
658
7072
4765
4731
5994
8229
1804
212
6943
9007
6335
5671
56
7307
5215
916
9152
6060
8959
6053
5411
1460
906
3812
6350
7668
4368
8837
6490
758
149
2730
4841
4692
5296
9881
2351
4099
5359
3954
7064
3507
5984
24
8698
5671
4362
7941
5160
7512
7526
6387
8118
7867
54
2959
4655
9692
1341
4197
2513
7287
6202
8274
4329
2391
5346
1370
5038
3389
5585
8071
9075
5756
3860
7455
3700
290
5146
9852
6255
6578
7793
597
7164
7734
9240
8580
8481
6222
643
3962
8769
5327
937
6660
579
8713
5299
1499
5506
6905
1923
9300
2569
71
8085
5172
275
8217
2705
4375
7333
5720
5134
3639
3425
8778
6711
6760
4091
7574
6761
3026
5387
675
451
5917
3691
3726
5457
8949
649
6075
7417
4490
7986
3795
3207
7752
629
6821
2821
5333
7235
7576
2262
4553
9992
755
6132
1638
6482
280
381
2594
1995
7902
5587
1043
3977
622
7394
8930
5455
1698
8695
3132
7946
2100
7242
1960
8241
9814
6005
9468
3711
1721
4947
4108
4502
775
2196
1054
9702
4448
7929
6067
1364
4100
9162
3933
9556
6830
9498
1989
5041
8342
4273
347
8139
4102
9225
4621
2866
6488
841
4825
104
6232
8319
5454
5000
4012
8306
3829
7366
5764
2163
6900
9190
4556
4278
8127
8590
7252
5740
8931
1947
1600
7355
2903
1977
6509
2117
5089
1720
3023
4169
9024
2108
5870
4158
1351
6688
3121
5743
6344
5361
8868
355
8491
2203
6085
9706
5988
6479
6492
589
546
2243
2657
9718
2486
6845
4063
5518
44
1964
2364
5929
4574
5336
9238
6819
9983
9884
1566
2385
1330
7088
6853
4290
1784
3887
6524
8605
9730
5746
454
3787
2255
6734
6245
7006
1572
5540
759
1393
4844
1190
4622
6657
6213
9086
6426
3150
1837
9284
8161
3883
7892
9364
2389
5427
4998
8141
9276
1747
5034
9631
1861
7009
8686
1508
7964
411
685
3231
699
3635
9200
461
7166
146
6721
57
4026
4360
8936
7734
9868
9009
5
5938
6863
3001
3023
395
3042
8088
1052
8596
5036
6262
7436
4721
21
5925
7421
8348
194
968
8171
7433
7067
5734
9342
1791
6514
9119
7279
7983
3986
2755
637
1547
2275
3100
8032
1882
825
7008
8950
5763
9123
5956
322
6907
5732
4959
9038
72
507
6025
9890
7770
5716
2774
7646
6740
8454
7420
8317
5513
6242
5529
3429
9035
3935
6871
9984
2898
789
8060
1919
6221
119
443
8199
4201
5575
4335
5854
332
4604
4034
5068
7249
1570
1346
6063
2188
3782
7481
7621
1997
8042
1278
1415
8251
2118
6913
6475
9777
9936
8669
8186
9049
9919
9532
1410
55
2425
8959
8372
5673
3419
9960
6308
7283
7716
8687
6563
9762
3328
8166
654
4053
2352
6192
2017
9354
5315
7534
3126
2339
6245
8088
1183
8544
3466
5914
115
7063
8336
8905
655
2512
8834
9807
1553
5571
9464
8375
8520
7368
5630
2866
1300
1880
3915
6588
9341
7665
5987
5450
7708
2694
3443
2744
941
9082
1503
3879
8497
8930
8339
7939
7005
6768
1769
9080
8721
600
4983
3200
3630
8009
3169
8974
4607
8436
4188
2958
3051
8767
4210
3077
2486
9113
2234
2120
2100
31
8093
7570
2549
5796
1261
7305
9161
5344
8006
3380
6179
8467
3971
1919
7792
1086
2616
2966
2761
9514
128
3585
4122
7163
4823
1025
6056
8840
6773
3852
679
2225
7693
9809
9871
8037
7398
6176
2085
1413
5444
7862
8103
7146
3580
7515
4733
5826
1826
7996
3637
9936
1090
9569
612
7973
7511
8408
5442
8726
4228
7933
4900
8491
5625
2599
4813
5401
7815
7542
5639
800
3590
6537
3010
224
5675
161
8139
7748
4982
6216
3563
2173
1663
5434
885
799
6788
7593
838
3528
5717
5460
7797
8263
5904
708
3064
6459
3640
7163
7725
8487
9871
189
6825
7930
5280
143
5876
9061
7574
5256
4072
8241
8153
8529
2568
5005
4454
2392
1279
9670
9485
8703
5459
5765
8923
1094
8024
9135
7196
9410
5648
8977
5019
7627
7482
8834
2533
1626
2616
3134
4488
7108
2665
651
5679
513
2850
1277
1516
1812
4956
4982
4378
1174
7534
9679
4814
3149
5374
3498
8712
6060
4862
9062
4449
1260
3572
348
3654
9364
3784
7082
664
6322
1431
5998
5002
6885
4556
2843
3561
8593
9610
5147
4844
9226
1575
5069
6813
3579
7907
5403
2048
6658
9986
4787
7771
9271
3717
6386
2436
1789
113
3665
4038
2215
1051
6988
1277
7016
4178
2553
6925
8268
2119
482
1009
7855
2763
7304
1413
4252
5202
3822
6021
5490
6745
1228
6536
3132
7111
9753
6237
7695
834
9199
520
8778
7975
809
3310
4736
1177
475
4712
1231
8125
7881
5462
5022
3055
6939
5697
3532
1184
6667
5599
8460
4100
5469
2378
3833
985
233
5038
5773
3727
6498
7177
3232
6016
3535
6615
6177
144
5714
6659
891
3413
6073
9604
4304
3797
344
4959
8110
1582
5692
3998
9602
8510
2129
9064
8918
7235
7687
7686
5080
3518
9940
9846
4610
9622
8076
5571
3623
5518
2962
5040
6128
3262
2252
9434
4160
4224
7186
6566
5524
2824
7733
4430
1570
2013
1608
7967
5439
6567
49
2116
8598
4043
4702
6658
1746
9948
8656
4379
4725
1543
1365
1650
7949
9159
1750
5861
616
2496
1631
7285
1985
6382
3395
8319
7576
8869
6479
2033
9633
7244
9493
1742
1320
3163
3504
2400
8266
6845
4369
9932
2726
9329
7288
5182
4590
6779
563
7137
4677
5219
4942
5192
43
2874
9149
2128
2761
9893
8964
6275
7243
58
9145
2780
6202
6587
423
5749
4154
8336
9085
1244
8833
9649
3494
1452
8310
8814
2594
2022
1484
7455
5349
1436
8313
2479
9327
5440
264
613
2998
4335
7418
3999
9415
1416
4764
3277
7003
819
9226
2277
9858
3636
1037
7678
9455
6853
6128
7854
1219
8210
439
6463
9780
9976
2313
8135
4175
310
2461
6093
8153
5520
2421
4449
7228
2906
5678
6930
5639
8212
7414
7915
105
8286
6512
5002
1963
7646
9905
5513
619
1443
1559
836
585
1163
5962
7138
4141
7466
6671
28
9372
8191
5448
4248
8208
4808
6335
8492
3275
4429
7435
1101
6123
3085
2606
5131
9648
3925
8943
4227
7654
4978
9505
9514
2026
4801
6515
1825
1222
8890
2860
3382
1391
1991
4903
2807
4379
9546
4063
8807
9514
9817
5538
7199
9487
3360
8910
6582
9772
6958
7525
6916
4323
698
7894
4762
2855
5718
1755
2918
6667
6616
6673
8952
613
4582
6903
5585
9872
8919
6372
7614
9966
603
6226
2547
4705
9006
9091
6974
3222
2488
2367
6959
5286
2228
5618
5638
6562
610
3477
444
3900
2942
4744
8862
8272
5001
2198
7804
6676
8136
9261
223
6100
5657
5295
4873
2818
2109
6541
8860
1781
8748
6280
1456
7507
1599
1746
2491
4425
9551
3355
9760
5250
6178
638
2465
8254
2965
5885
9762
681
1011
1870
8365
5074
5202
1066
7900
7683
816
933
3621
2432
8936
1965
2813
5954
1765
6484
9203
7874
9038
2983
6135
9288
2974
268
7317
3428
9813
3891
5268
3208
9242
4283
675
3091
3371
6913
8240
1243
5075
739
4519
777
6050
7139
4444
4103
4078
5056
759
5952
8600
420
5878
1790
9013
2105
2239
2354
4586
6652
8754
9474
4539
2095
4464
5396
3091
5141
2742
9426
2342
7908
1982
2182
3385
2573
7187
1153
3724
3847
8238
9548
8774
4679
7531
9562
5105
5942
2912
6600
1957
2978
5530
9562
4240
1902
6917
9707
2915
6710
8413
2952
4954
64
5215
9332
5175
5084
8394
5300
6683
5743
4569
4418
8293
6499
6644
6907
1896
5969
6274
1287
5624
3165
3529
5915
6889
9887
2028
4059
14
5994
5383
6931
3504
4781
1299
4781
1524
3158
2445
325
8640
1
5671
1408
9254
7908
3282
4846
848
3638
2725
7889
4194
3334
8443
8970
5528
6913
2600
9039
9337
6316
7970
7812
5255
9807
7632
9449
957
9964
8803
5597
5534
5314
7030
3251
5308
6032
102
3926
3056
3335
1161
7303
1380
9917
1144
8751
8240
4602
143
5429
5804
3340
8307
953
5145
6283
4725
6903
1972
788
4489
7765
1504
1859
1951
4760
2804
3196
4412
2522
3198
4466
1181
4888
1533
4981
327
5770
5531
3043
7360
6947
2009
6862
146
5089
9335
951
7257
6595
351
5815
3381
7831
9304
6260
2358
5757
6486
3522
358
1131
3870
610
3995
3758
1901
8161
8568
4707
3743
8497
1722
9181
3983
2693
1988
3868
5756
540
9208
8705
3013
2977
281
2636
8620
4564
9255
719
986
2262
1888
2589
9740
96
3151
8717
7398
2294
8094
3581
3700
4897
4733
6830
9134
9614
9397
9943
799
6930
8790
3751
504
6975
9633
4777
8495
3244
5723
5844
7937
3291
6508
4085
907
3977
7791
3689
3692
1104
3571
2868
7184
8411
7052
6951
2730
1351
9528
2684
8433
793
8561
5675
3293
2225
4945
8393
260
944
324
1479
4107
7745
1709
8676
2801
1040
1166
8751
4717
9137
5189
7270
4677
4298
3109
9789
8760
276
5646
4135
8503
2067
6363
7841
3792
3715
5252
1499
8686
5498
4028
7588
9450
9879
7439
3927
3875
2657
897
8125
4306
8023
6355
1565
3217
9330
3585
6608
8023
4220
72
80
8868
4330
3882
3662
5875
4337
1863
3077
9277
9624
7846
9746
9082
189
9105
4138
3180
9976
5507
101
7674
5242
9704
1534
5171
4355
6904
2385
9230
7145
7337
8929
746
7007
8494
5637
2594
2934
2750
8857
3814
5313
7340
3918
8231
7006
5321
8988
7182
1056
4059
3009
8173
1148
1955
7729
9548
2110
846
2346
2123
2432
9755
2144
6861
1349
7657
7932
5407
7053
3406
5744
3228
9347
6212
4353
2714
8304
9772
1939
7024
9833
5438
91
1748
5969
7460
31
826
6005
799
2277
6239
947
4382
3425
12
3296
597
6832
4000
7918
5238
419
4020
7729
6506
2523
7489
8243
1886
1323
8458
3279
4689
665
8765
7571
6236
5874
4027
911
8241
5785
1840
809
5025
3387
9830
5513
1957
9981
7099
7225
8509
5353
6950
264
7372
5964
2161
6056
3137
4498
7813
9471
585
710
4742
49
8207
4706
683
5648
7448
9682
6803
3692
6138
1925
2517
4235
2286
5768
1433
6561
4066
592
5391
6806
7535
7722
2020
5620
9973
5060
6428
4695
5013
7111
2402
3048
5230
4935
3742
6687
1950
3638
8791
9489
1756
3827
9041
7737
1353
8071
9150
8188
7043
8360
9096
1711
1252
6685
168
1613
7852
9519
990
8258
1576
8335
1695
3206
2344
9410
4536
9979
6896
1592
2505
5779
6673
8455
3961
7320
699
9574
6758
9144
1143
7813
7555
1002
8657
6525
3737
4183
8688
3843
9014
7194
5190
7255
2032
2909
8113
879
9202
973
3898
94
7895
8020
8741
6089
9673
86
148
8677
3680
4575
436
1314
2164
6607
1071
8470
6974
7288
5646
3378
5658
472
7262
6205
6008
4239
8162
5731
8795
95
6836
3449
2897
527
8596
9365
8983
1491
4554
9987
8831
6207
5008
617
5016
7570
8637
5917
8818
1722
5777
3251
7442
8850
8799
4361
4268
6054
1587
6775
5041
2710
1196
1600
1351
6896
2963
3616
7192
8430
5913
3233
3211
4559
1849
7506
7049
4995
8955
6081
1327
844
8410
4182
3106
3664
1733
1548
6360
3816
9528
4008
8489
967
4886
768
6223
7630
9652
5671
5642
3591
3245
3307
8314
4369
8018
605
7183
9362
1158
3848
9218
4983
5712
4635
9828
5047
1193
6968
9821
5896
6010
993
8023
9050
4640
318
8349
7394
6869
6380
5653
1689
1309
9530
2620
4201
279
2474
5104
6957
6426
8305
9983
924
7104
9988
8263
3310
7151
3901
2776
2059
7175
4575
940
2499
8446
8115
2064
3055
6862
8718
5570
5286
122
5569
8052
1397
6276
7502
5274
4396
8905
9398
4388
4155
8687
2319
1258
3535
2661
1677
9032
3146
6192
7108
677
1951
5866
4916
6530
5799
9067
290
3193
8454
2926
8849
9686
6040
6437
2381
7224
8996
3823
6510
4360
3315
5758
2465
2681
7768
6921
615
1246
3293
2567
2133
475
9759
8366
616
2523
1532
2813
9295
2627
2089
1148
1741
9209
7590
5176
5736
9189
474
3283
9570
2364
2549
6309
4075
1431
2560
1412
4210
9386
1412
3217
5303
5177
6063
3914
6999
5293
5612
328
454
5198
7819
6909
4696
9259
9252
5146
6598
8464
662
7558
3854
3472
800
3113
7210
1980
8282
8254
4759
9857
648
768
9560
7492
9604
2677
8500
3512
5958
2270
7210
9088
8173
9483
3403
5317
9499
5097
8168
1563
442
366
7500
2989
9711
7213
4158
1809
8042
3943
6146
5606
7856
6614
6884
4915
7902
2814
4055
2026
4372
286
2894
3112
9410
2466
9789
3582
6910
6824
9817
8376
5896
91
2518
2175
3777
664
8348
4632
6838
7858
8103
5034
8970
2540
5952
598
6968
6487
9863
8409
5374
8123
5875
1609
7791
874
1825
1146
72
6057
6002
1672
1542
4776
8339
976
2411
6263
703
6700
7545
176
2059
4600
6814
4077
9834
7449
4893
2564
7784
7225
7202
1194
8857
7897
4186
8247
1774
7794
23
8409
2591
3600
3048
1506
1288
1973
4388
5473
2519
7771
7661
435
4640
7511
9106
1869
4510
2755
7914
3414
537
5259
3625
1192
4592
4369
8772
116
8532
9559
1047
9748
2576
7463
3065
9897
7016
7123
1316
8126
2674
3605
7346
3701
6449
4746
4091
2349
7047
3742
5079
1990
9113
1305
430
4253
6042
3485
7064
2692
8857
6035
2281
6858
6384
7617
5454
2568
830
3220
7609
5830
1544
2077
5596
2461
2074
6450
5877
7148
4096
4314
1160
7998
7107
3899
5161
7764
8575
3701
2643
982
9518
2677
8697
8240
5051
5307
4056
5754
195
6626
4219
3696
5093
9224
9560
1658
4614
2572
6500
1664
6546
2288
2351
5520
5638
5500
5853
3700
1881
3072
821
7933
2474
3604
8137
5719
252
916
7729
1784
5321
9466
2694
8698
3237
7217
9809
8138
1019
2732
3936
8574
6504
3609
9867
3040
8347
3064
5224
8084
6255
1229
7739
3182
2579
8960
3661
1429
6901
9063
8726
4979
5434
2490
6530
5186
2992
4471
2154
1818
3749
4192
34
6741
6189
1159
9558
7551
5460
6061
4560
9976
6939
438
5191
7150
4871
6744
6208
760
1265
1585
9251
1760
6239
1237
1390
509
9955
4279
6034
8536
7425
3011
6255
4136
7624
4256
4655
5587
8872
2016
4309
451
4709
9559
7954
4478
4444
4721
3107
4113
6135
7839
6226
3742
7236
5137
8964
535
8133
8399
6713
1857
2585
7265
2259
9460
3869
4310
1655
6749
2018
9539
9905
1342
7233
771
7179
8577
4642
3514
5809
4005
7685
8517
6690
7519
1606
2463
9717
2175
1231
2223
2997
5471
4407
3454
8666
9000
2958
9194
5423
2703
561
7163
3712
5593
8401
2118
7370
5177
7188
5941
2395
2505
6435
3736
5387
9434
5356
1383
1275
8472
8307
9258
5577
465
8391
6996
5733
9042
9220
4225
1344
3794
4727
9150
5803
1453
2470
1799
6264
2925
667
8463
4023
5227
9887
203
8894
2269
45
5746
6265
3062
3073
876
6507
9403
8370
4365
4531
894
5587
6034
2405
9354
9084
1406
6160
5053
8913
4549
6670
647
5219
8821
9365
3541
951
4216
9565
2076
4327
3584
2167
9511
1818
6959
2320
6750
2515
9842
6043
9160
37
8539
9271
219
4917
9051
5852
4155
8393
3634
4231
8663
1928
7545
2059
3664
1471
5221
2107
3977
6476
2347
6234
1372
3355
4178
95
8470
8318
622
1923
3265
3226
8983
2158
5504
2369
4930
394
2235
6471
1518
1549
6340
6624
6841
6492
3002
9637
4116
3573
8198
2884
7611
346
6450
9745
220
6250
1931
7611
1837
1665
1708
8747
2909
160
2534
77
635
9244
746
1356
3797
3035
4267
3922
875
7316
7569
9465
7808
9337
3118
2385
6163
7461
342
6440
7845
9673
6850
7443
9857
7998
8999
2390
3340
1993
4112
3323
2321
3911
6156
2707
2464
3426
5483
4188
5179
1743
4901
7769
9997
9442
3486
6496
2433
1967
8974
1260
2412
4057
164
4639
8435
5949
558
3343
7714
116
8024
1656
9883
6589
1792
3844
854
6535
8037
3282
6869
861
4305
7557
7482
5053
7127
6205
2267
8706
5976
4488
9118
4576
9479
8894
2846
1753
7752
6987
2227
7888
1703
83
5023
6915
5544
6063
9120
3866
98
7196
3488
5049
2571
4073
1868
5357
2471
9149
5838
8988
2845
272
6275
598
5059
3709
6714
7800
362
795
9359
1201
5131
8569
3123
3946
1195
2250
352
121
6054
122
1246
2801
1158
5282
2160
9072
4680
2126
238
4716
3429
4900
6308
2826
3012
5604
873
7524
6483
3828
3144
2314
8740
3549
456
6278
2654
6472
3419
3979
3816
11
1778
256
2760
5598
6844
2060
903
3349
873
2102
283
9789
5357
1682
3231
7533
7753
8422
444
3114
959
7469
3764
5600
1982
2470
8336
2706
1281
8596
678
2829
6349
646
3995
5242
2583
7457
8144
3678
501
9660
3761
8028
2022
7123
2907
6384
8386
9285
3282
6355
1479
727
176
9561
2591
7289
125
5310
421
2745
3560
6969
2788
5769
9533
1864
2319
5271
990
4835
1957
8525
8456
6293
2779
6946
2989
2283
7925
1742
5225
4864
9993
8663
6509
3435
8591
1848
5055
7223
6481
4223
5752
4386
3771
293
818
4631
4038
559
2918
9085
3535
8761
5037
4416
7265
5743
10
1576
9767
7452
5196
311
886
7978
6211
6667
3534
4061
4465
9887
805
369
6236
1135
3729
9136
4164
9433
4919
3406
3399
6468
1319
4327
7309
3095
4428
7422
7791
9460
4651
988
163
5944
4946
6721
7160
3565
1206
6271
5401
17
1428
3683
8307
8701
6451
1802
9509
5206
2490
7888
9092
8687
9219
8635
3231
7453
1635
7129
6853
3606
2115
6853
615
7568
321
2157
6819
792
2031
3214
1813
3128
8488
9687
1024
3103
252
11
4459
4151
2316
3200
9234
1084
88
1632
2464
1688
184
721
8342
9221
3721
7159
7985
4180
2477
8026
8648
6259
2074
9401
4930
5317
4503
2820
6670
5059
6330
572
6267
2055
1089
6525
5535
380
2785
70
6097
4581
3961
1432
4534
7716
8426
7318
1889
1686
4537
5677
5637
4242
3152
6416
1826
8884
4507
2930
7289
5065
9246
9243
1
5332
9164
7235
4891
39
6651
4102
6142
4214
1950
4595
1492
1844
220
212
7845
7115
2314
5354
852
122
6340
3811
4393
2518
9344
5147
6705
4068
7760
3994
3926
675
9058
844
3568
623
9472
4420
9385
2138
3141
4547
5709
2284
3492
535
9445
5859
4304
7827
8623
1001
967
4274
4612
872
3198
8590
874
3354
826
7303
5216
3798
9936
4116
7007
8188
8585
8945
9561
254
1245
4663
9981
5305
2157
1087
9197
833
8502
1607
3680
3358
628
3922
8594
912
1393
1029
9977
7603
8335
6717
1602
6730
5761
4222
4213
169
9419
9395
9466
4373
8222
2490
121
4556
9496
8965
6094
6887
7990
7495
6628
1163
1351
3932
5366
9019
1413
2673
5440
9401
1268
1274
9299
9488
4573
508
4009
3830
2325
7258
1470
1230
7087
5676
4074
8237
8519
6161
4599
6568
2533
9806
9142
1423
4564
1538
4158
350
5204
9577
8031
2987
7662
9205
49
2413
1531
2020
687
2823
319
1401
6923
303
3017
900
3238
5230
6532
2601
6221
2623
4081
9049
2517
3393
9819
6955
9915
1541
3598
9448
9342
4310
7857
6690
6897
5459
4748
1990
8029
8793
8223
9817
2918
1136
4743
9187
7835
9510
2326
2639
2240
4719
1408
9084
7953
4569
320
7772
3534
6464
7760
5370
6931
902
5710
6099
114
3033
3823
7249
1241
9222
4724
304
3580
8655
52
3084
8642
4755
3411
4902
2293
1346
7092
5068
4093
6045
7662
3045
6121
1723
6040
1754
9747
3835
4177
1070
5096
6721
1169
7585
6834
7180
6396
5480
6878
998
3734
4453
5715
5693
123
5168
5624
6309
8068
480
3483
5684
5106
630
1307
3498
7788
5418
7805
8104
2734
3465
2737
5836
5484
5876
9285
1890
9957
9443
7651
2234
2333
1615
2225
4276
791
7530
3438
1345
568
1266
1875
1302
9593
4887
2860
3146
4166
4787
4201
7955
3472
4351
156
4763
1204
9976
7875
4537
8019
8297
812
4435
4344
4296
5835
5052
8947
5846
9270
9509
7223
4758
3644
1779
3577
2087
2109
9551
1693
8441
7368
8869
1524
2863
4389
2451
5666
2478
3876
4329
3402
5759
729
3325
3476
135
3529
4994
2585
7832
6980
211
8302
2864
3028
1098
2726
9764
1351
5946
6553
3237
8474
2128
6085
6997
4397
1319
413
2735
6381
9694
2926
2503
686
4565
8903
2465
6990
8055
7125
6413
3800
9213
5588
8678
3888
8432
5202
1496
733
1825
5888
9674
1591
2237
8352
3970
5879
2045
8539
9977
6084
4546
4205
5369
1977
1152
9953
6522
7504
2280
5573
3416
3722
738
881
9982
5642
4601
3739
8551
7288
5235
1835
47
2568
2834
9326
6667
8849
5452
5018
4
2001
3716
8632
8306
1204
1499
2611
1539
6816
133
3816
5546
7069
5237
3853
1387
2057
1950
7379
1138
1087
8486
3501
3131
7343
5149
5130
1343
6474
9465
6927
6882
8845
7725
752
2089
4048
2054
3037
7271
6621
4164
27
9393
3840
8278
1304
447
1244
5202
4235
9587
1712
7149
4335
9254
2939
1583
460
1644
865
70
154
9757
7128
8240
4645
1131
6542
3885
4740
9814
7997
7207
6147
2592
9798
7216
379
4465
6524
7009
3557
2316
3881
94
6464
6322
3552
7581
5141
3565
9725
4032
3029
2765
6673
8083
3887
5964
4736
8012
3268
2021
7594
9410
2348
6498
3955
3056
6338
8617
6338
5169
6108
1146
6621
6705
405
7534
1597
6636
4338
3300
7233
8449
964
3875
2408
1705
7491
5147
7326
4944
3214
3047
4970
5789
6359
9882
4473
4291
362
5946
8447
5395
7068
6137
3947
5315
8624
8528
9188
5579
5792
2115
5130
218
9427
7019
8003
2218
5689
5952
334
3475
7664
755
9348
5956
5227
8980
7366
5785
2559
5142
3929
7509
1508
1131
1780
5896
9131
6597
6373
9924
7634
2308
8082
8368
8293
8068
5920
3212
8165
5890
4864
4104
1699
6172
6930
8720
8301
3159
9375
8303
2019
6613
9195
6378
8737
2974
4102
8445
2509
3960
7665
2715
2757
9947
5044
2904
2957
4982
3798
5400
4057
8998
4100
7476
6231
4349
4606
9610
5128
753
8719
6271
8366
2991
4259
9239
9606
9267
7086
1622
2994
7652
699
2020
3679
3060
1358
4612
3248
8498
7346
996
6353
7344
5434
362
4347
298
4546
1686
3330
1646
9812
83
1751
8451
7391
2973
8579
9793
8658
2308
6606
7820
1955
488
8879
6124
3886
8033
2636
3769
9289
3921
7507
7482
3087
8890
4594
4880
876
9400
7673
4653
4239
5897
1624
7892
5661
477
6257
5801
4538
5197
4668
6346
2033
6873
2737
1547
1811
7627
8057
1618
7013
8637
671
5393
8939
4732
8006
9364
8724
9774
9811
6998
9319
3820
7368
699
7426
897
4377
4788
85
1019
2984
2944
476
9699
2363
4890
8621
7648
1986
9179
4889
6606
856
1307
3812
1693
6755
525
3784
3150
9246
5909
1349
1587
9269
9769
2568
4316
2694
9195
8645
2098
9433
6618
3407
6779
7504
3445
8535
2243
2760
2666
8072
3389
25
375
1166
4640
1681
9474
1694
788
8224
6194
957
7967
4611
9415
837
5175
6412
9911
6892
3434
1842
2673
6672
2319
4690
588
7047
1949
5883
1260
5217
8294
7270
8855
7108
1535
9700
9885
2063
5489
5797
6689
4753
1142
6379
3818
6948
923
8398
5580
9876
6959
9934
3731
3985
2376
9925
3873
9583
9562
9609
3129
1219
7793
7815
6442
2370
8332
6401
5751
8723
7407
8112
8110
7109
83
1162
648
8647
2407
3969
6723
5042
5819
3876
7853
3129
7588
3570
8773
907
7520
2724
90
9638
829
175
4189
8540
4440
5736
3087
1871
360
5089
9270
3382
1290
6539
9211
7197
8272
615
7
7270
1404
292
6294
2457
8959
2123
264
6089
6910
5378
5028
8333
670
7159
2425
679
7836
1768
8900
4995
2331
416
3937
6797
2960
8044
6918
5662
8858
9854
4775
2567
6902
7541
509
5142
9858
1727
8936
2466
8836
6935
3598
8360
9496
1273
7508
2563
3509
7687
2683
3047
9523
1197
3181
5776
8705
5501
8329
7522
8317
6379
6319
8644
694
4901
5498
8788
5225
9901
2961
6698
5671
3996
1235
6909
4976
4353
6941
2887
8384
2062
7780
6635
3905
6270
3847
9009
1059
7339
7335
9369
4510
99
1897
2422
7745
6788
7456
8017
1392
8768
1956
2626
8914
684
69
7040
258
9693
1638
7411
9880
529
1786
7815
413
2219
8257
8069
5694
1002
2898
8162
83
4299
1020
5275
7401
3332
1464
7599
8216
8116
3752
1923
2015
5222
8465
8291
236
4262
4660
3686
2152
6901
4782
6979
2631
346
463
699
2902
2372
5108
1982
4383
6709
8552
2387
9516
3457
5504
8183
9644
7027
1695
2123
7227
3503
567
3606
2510
7804
2746
7184
805
3791
6450
7405
1870
1692
3422
9535
217
4029
4249
945
9085
3979
3025
2366
8199
7543
2290
1809
4680
946
7813
6212
2294
7272
6334
5550
4874
8307
2646
3151
902
7693
4481
4590
4317
9917
6669
389
5693
4430
1640
9568
8169
8334
6765
8047
4616
6957
2738
2689
1078
4690
5557
121
98
2783
7715
6294
6640
8770
1210
2506
4933
5630
2241
1933
7071
799
5797
6961
6493
5298
7909
9751
3156
7503
9008
2728
7287
300
7090
5501
504
6965
4952
3393
1506
6518
3797
1011
1532
7745
5316
3565
925
3382
7636
1109
423
3638
654
2341
7469
7901
7226
1185
3224
1642
1808
3856
9385
8775
8154
2870
3937
8719
7339
7187
8633
7971
3556
3427
7788
8684
5702
8775
4180
4360
1850
7887
8242
8849
561
8294
664
2748
4243
8895
474
2424
5765
2755
3298
6873
9571
6213
4301
2468
6436
5501
3671
9214
8174
4506
9875
2816
7921
9774
9817
6355
760
5880
697
1224
3343
1245
3001
5110
5752
2984
716
2326
9471
9924
1537
6824
8825
9983
4168
7690
6705
9016
4504
2500
5813
9357
600
7337
4227
6822
1440
6507
8571
89
4831
7519
1389
9477
8865
7288
5751
2430
8324
3565
5585
1676
1854
5766
1625
9165
5720
8222
5642
2046
8560
5031
2816
5260
6538
220
8039
3279
6936
4664
2456
9756
1393
6292
1552
3881
6616
6534
7260
2114
2650
3509
9713
9199
2791
8377
8728
463
8060
258
5646
134
2948
9716
4716
5009
20
493
1977
2764
7579
2973
8552
6029
958
4142
1617
2899
7059
3232
6177
2705
3383
4692
9561
9147
7822
5341
8543
9339
5373
4002
6396
2377
1251
5772
3993
6510
6450
7001
3119
3902
9422
1506
6900
8091
4339
5350
6036
5808
3272
5285
3970
6969
2338
1416
2244
1319
6204
2872
3782
6773
8436
8213
5080
684
8820
7893
12
6066
5590
6541
6062
5906
2847
1228
5295
6975
2381
4617
982
9755
5226
9325
2697
4225
1746
7355
2494
5163
1509
6713
2987
680
4148
4214
664
6089
1458
4500
2419
6291
2289
7362
5986
9674
5786
66
267
4963
2634
512
1065
3728
6716
6430
6965
3935
289
4273
4794
4062
862
1204
92
3799
2586
9718
8885
7814
6872
5747
6866
1070
130
2403
7158
1632
1923
8540
9487
9190
9238
3164
8863
236
6901
9191
4390
6700
993
2329
9466
2994
74
1785
5526
3837
7869
2862
3948
6992
1115
6756
9569
7420
2128
6496
9420
4372
4436
7312
3174
9122
6674
8779
243
9627
6738
1400
3564
6659
7083
4425
8784
8596
2417
3947
8992
7368
2050
3169
8508
7775
3689
5781
4194
2527
5002
9610
9324
7640
5208
390
1877
1489
2197
746
3730
5796
2459
5607
5850
4537
644
2093
4736
1994
5646
4569
6146
9224
4855
8762
6384
8782
2793
495
8586
5109
1453
1311
6950
2850
3014
890
7424
4452
3178
1454
9071
1152
8812
7142
4026
21
2029
4400
1882
3528
2741
3177
9271
3685
2304
3046
9310
4898
2686
5841
3555
9939
8377
5310
864
1537
4326
6486
8781
2198
5673
5155
3149
1661
9543
9125
5882
5752
7769
1672
6409
4785
9258
4959
1070
8251
4269
2592
1929
6152
5562
4785
3558
1127
5602
3014
6845
6767
7252
9279
2864
6342
2607
2424
9257
1404
493
594
2277
511
8723
550
4342
2024
4674
2738
7367
3030
2019
8343
7588
4641
1146
1092
623
7373
4343
2821
3715
104
3839
8643
1159
6790
6557
909
7781
2584
1553
4522
869
1649
9625
1169
7083
5121
8045
9810
8028
7919
9749
2420
4384
5130
3118
4779
2720
1128
1157
9429
6426
4247
4740
4150
472
7987
9529
8917
3070
1915
5093
8436
2700
4280
2858
1258
3056
3915
4663
896
3404
7019
1592
8505
805
8504
8141
4236
9293
1055
4451
3442
1628
114
9001
4767
6043
8448
7929
9365
2463
6150
4227
3925
6088
3678
9326
225
4254
4210
7053
563
6676
9771
9854
5148
9245
3469
6819
1332
9855
6840
9589
7910
9013
6441
8761
6910
8668
5445
4157
2528
6437
2570
4733
2965
162
5271
8735
2608
4109
2944
6433
1943
4366
9073
4987
1997
3536
6229
5778
6067
5151
1683
9176
9857
6062
515
3334
279
9520
1160
6241
8265
6840
4231
4617
6643
9681
2480
5852
7219
8390
4030
4169
6170
7378
6718
9290
7986
8131
757
6164
4082
4401
2723
5695
4056
4266
603
5729
8148
2504
9727
9392
3521
40
1384
6786
3485
555
6861
1233
8234
9375
572
6428
7343
862
8805
9849
8375
9085
8970
2881
2377
9960
1274
9625
827
3358
7788
5055
8664
1832
6940
1878
3210
1366
4594
3298
8260
8968
4882
8693
2691
6731
3104
3492
864
5250
3538
9537
9243
93
7179
9759
3319
2237
7651
310
9212
778
4306
4740
7120
3745
7685
4019
6789
4130
3055
1152
700
823
5543
7183
9033
9400
9945
4685
6035
6373
6812
8220
6153
1308
4134
479
2815
2924
9402
383
9695
8004
3107
5149
2634
2819
1532
1433
7198
4967
1435
6142
3004
5613
6027
4153
7483
4870
6967
2247
5340
8973
4821
3123
5085
771
7485
3687
84
2601
9480
914
7519
7457
7016
6726
9865
4992
2412
4440
5587
1770
8444
6131
9865
8891
743
2052
2439
1783
5022
4690
481
2090
5324
4055
5508
8469
766
8405
2696
9863
6814
9634
5736
3771
4707
3159
6485
304
7715
3481
5768
1920
4487
5587
5091
5696
4537
7893
6596
4843
9678
3109
5581
392
2563
2620
6437
6162
8401
8456
5965
940
7158
1416
8909
9319
9935
504
5680
2265
2535
4047
4250
270
8064
85
8994
730
75
9951
6489
7117
4793
1452
2567
1227
4024
3917
5131
36
7028
444
5247
6843
5631
2866
3705
5309
2965
6009
948
4130
3505
3216
7169
5110
7938
8603
9974
6224
4529
1673
1413
5313
4965
1852
8847
5842
7856
7
7577
9018
9653
9268
1701
3105
8409
4936
7559
2747
5255
9589
2508
5761
9534
6518
4907
571
8848
5854
1613
3638
402
6316
9728
6702
1098
8829
6310
7489
8458
5182
3437
7936
3927
6661
4508
6583
2751
7451
2731
3213
341
6413
9368
6548
7997
9307
6786
4868
528
7001
1268
8666
6989
9499
1611
9938
6005
7854
7343
7223
4048
426
3791
3484
1561
7684
8545
5296
8598
7031
4819
6408
1584
4088
6514
3861
2686
249
2657
7004
6348
387
5464
1087
460
7948
7186
7436
8636
5062
6375
6326
849
2932
8021
9308
5157
2060
1502
6948
8713
7458
2840
136
4775
4422
5702
1189
7019
8886
9586
5824
2956
8148
590
8006
1022
6295
4837
2773
7580
1442
1987
912
9787
9756
2917
7962
9089
4011
1559
5283
8302
6638
9010
5118
1191
8973
1313
6372
5885
4259
8444
1564
7532
9004
2694
6201
8327
8655
5302
439
76
7654
4718
7689
4281
4200
9137
2145
4198
384
7922
1724
9920
9078
7637
6760
5490
6199
1593
5753
7132
1505
3542
4366
6167
1835
7156
9907
5173
7165
6451
3871
7013
2416
5778
466
7881
8015
2834
8644
9256
9421
4631
1410
5519
94
7419
5627
8246
5480
5359
4076
8150
9729
8532
1510
5861
1762
9243
9559
9226
4502
5465
2001
4430
3127
6108
5526
2954
9953
9459
2086
6747
930
4151
5138
4544
8109
8842
6985
6866
96
6457
6688
8312
2085
1276
8481
3621
8671
6078
3547
7308
7687
2181
1281
9225
2236
8156
8609
2404
5496
5337
6320
4557
1007
6696
4530
8892
195
694
8905
9566
162
5525
5571
1853
4946
5240
4225
2080
2232
6416
2145
5779
1194
6614
5628
5248
9719
7587
7926
9172
2893
3120
691
7313
952
3701
9536
8387
898
727
7358
7423
7007
695
1728
562
2921
2289
8677
2071
3668
7940
1497
8744
225
7256
1104
376
8398
9766
9592
589
7920
9260
6784
3901
8118
4813
7228
5422
850
167
5237
1437
8596
6149
1132
5898
9369
1751
7582
7295
8516
2055
4846
8368
4077
2976
5188
9618
3593
6120
5680
2878
2492
6861
7877
5656
9032
5958
549
2022
5793
4590
7658
6070
2078
3261
3206
7458
6683
7454
2404
9022
8236
2812
4695
7569
7961
5606
6894
4422
6040
4976
2542
6010
9724
2560
5252
7096
4461
5055
2948
6581
4791
1868
6944
2238
5506
7455
8824
8233
7784
4252
47
7982
605
2200
8172
8726
4235
1186
2133
7882
2021
8379
6818
6475
1938
8625
54
9185
1440
7661
1310
2517
2638
7108
8927
4109
7332
6452
9820
3633
6812
7076
4319
5595
4537
4012
5475
8366
9172
6971
5288
6274
7507
9075
8016
3420
7060
5614
72
566
9128
444
2346
4705
8887
8919
1622
6763
6468
924
42
1451
2102
7625
3420
2854
5108
2395
2178
2539
3516
5492
1595
1430
372
4464
7644
9080
2176
7305
2586
5924
8231
6399
5417
375
984
7746
7625
2871
4463
7481
5448
2322
3891
208
2401
1528
5470
4879
5499
3292
1354
535
3048
5701
2999
883
7969
978
6424
1513
3315
6707
8347
3688
7528
1336
2906
8956
8999
9664
6948
1288
3791
8424
6377
870
1014
9539
4353
4878
1884
3704
692
2374
1464
6462
2436
7965
5329
595
9539
5172
1245
5504
987
9219
7129
529
360
2293
8456
9188
2740
2744
1361
5935
7651
7023
9214
72
2407
3364
7833
8007
8129
4111
8323
8945
3202
1316
2050
2329
9126
9769
3744
3088
6708
7766
9190
3677
3514
9722
6075
4127
9364
1966
9217
3928
464
658
3243
8567
3435
1113
3392
6153
7254
568
7295
7465
7026
9363
4906
8024
5646
6294
26
2529
1740
7870
3777
4852
9059
1370
7953
3279
2242
7011
1322
5262
3866
7230
5560
6094
7052
7593
8178
3492
2799
9106
8283
565
6141
1522
5975
2126
8467
6478
300
8050
2998
7077
1400
9200
3355
7627
428
8212
609
4361
8423
8387
3014
7380
3359
4837
6886
3735
8252
4051
935
1866
146
5185
5992
4561
6761
6121
2585
1089
3910
9458
6230
2570
1887
8240
2946
3620
990
1993
3870
9379
4643
804
5547
5987
6840
9413
3525
6999
5768
7295
5619
4598
6448
2709
570
7324
2841
4490
3531
6039
3103
8138
9462
9185
3286
4798
774
3787
93
2573
1944
8094
4896
7680
3322
473
1912
2536
2191
3227
5740
8571
187
9350
1165
5531
6465
2865
9374
7430
5770
5908
9274
9831
9361
2580
5984
6916
9404
7158
7314
2245
4036
753
6665
6986
4805
5220
2556
2507
2066
1393
3670
2370
1990
7521
1918
4562
6029
4568
2016
6193
4395
1424
3741
7839
9165
5490
2626
9763
2061
3355
2580
2927
8285
8616
7037
1145
6048
21
7776
9105
2757
337
5000
5408
8270
6499
929
4708
3287
1057
8012
2466
5251
3571
7519
3301
5164
8607
647
9921
8036
4736
6455
8016
9578
1751
6152
9582
6041
6233
2009
3922
821
1214
4029
3573
6538
7451
5218
2746
4759
5856
5241
7909
8424
976
6771
3363
2205
4202
5896
9555
1446
9771
1001
534
9501
8810
3618
2751
9075
8358
8850
6186
671
8746
9706
4437
1923
9847
1522
6891
3459
6348
5941
1495
5559
7879
3072
8099
8109
7740
4792
519
9196
4561
3492
2766
1276
8946
1266
7822
6227
9245
6073
4928
7210
5395
5190
6128
1134
4797
5918
166
5093
4716
8754
1554
4206
4492
7285
6591
2621
1496
1431
9976
4641
5647
5459
2906
3877
9671
4827
5385
4902
3869
8252
6083
5799
371
7068
911
1217
8250
6198
9247
6155
4632
9748
286
8334
6156
7148
9248
336
5889
1268
7782
468
108
3345
272
6128
3244
7384
282
94
1642
3735
9797
6246
1383
1867
4352
6539
1150
6796
1559
2651
9129
5089
267
7418
852
1176
2816
1915
832
8907
2031
9665
3146
9833
8117
319
7242
3791
7525
6712
9109
3655
6606
2696
496
8291
1948
8483
6531
104
6435
3980
3112
679
5405
3066
4986
297
3701
6780
1876
202
8729
5848
4721
1781
1486
2082
7803
3670
1903
5455
831
1407
5321
7352
3207
3620
1445
3347
8173
2255
4830
7430
6128
9292
913
7168
4407
8606
1868
577
9066
4767
3697
2351
5394
9080
6196
1512
2501
1437
7804
6550
9968
140
8304
6116
5000
8200
5283
6711
6404
2398
1803
1569
6619
8357
4120
4799
3391
5240
5327
9896
9479
8598
7727
2322
8313
6400
2959
6119
9531
2721
996
9204
1708
631
352
1030
6205
3646
4383
29
1671
8587
7994
3151
2943
4734
4098
8261
7549
3478
2386
499
3221
8915
7732
6062
8112
1414
1265
4737
662
5189
3912
3871
6483
6506
1547
8539
2296
9329
666
8902
491
5577
9867
5773
9820
2410
5707
6749
6740
3940
3246
8755
5325
9773
2270
111
1044
2732
9570
1603
6633
9832
6970
6357
5742
3260
2482
916
5941
4184
2296
9812
8654
4966
9124
1227
4491
3801
3418
3541
149
1275
1374
7692
2810
9480
9336
314
8118
1231
9303
1511
4756
1225
5883
9732
1356
239
7996
6592
9238
1570
8481
7613
1901
4178
7934
6318
2184
9467
3256
7780
5030
8322
3717
2606
5339
3372
8793
6026
6046
137
9072
2481
216
9613
6018
1079
4202
2607
5742
833
1228
984
7965
5306
7994
8501
4073
8436
8852
1353
3735
1418
3944
9730
3250
5611
5185
7572
4572
6974
1852
9868
7437
8091
2147
7059
80
205
8572
3501
2020
1911
7494
8408
1940
7799
9621
643
7937
1541
4289
6451
3725
7306
8972
3007
3102
7231
721
2139
5037
6790
1936
2474
4354
2290
785
8524
3488
2290
7617
5512
7546
5984
2258
3533
3680
5857
2190
6479
8155
3403
3314
3094
8563
1269
1938
3333
6136
4522
7270
446
9777
9040
3800
6996
4014
1202
9033
7418
3058
7801
4646
7071
2047
1012
2009
6162
4518
4912
1454
7234
9873
3153
5970
5291
5536
9649
4614
8365
4317
6916
4403
1377
9891
562
9695
766
733
3889
1134
6406
2264
1958
2701
4451
5285
7007
3750
8302
8046
7193
4918
6391
7011
4978
1505
3577
58
5540
5772
6584
615
8715
8015
8056
7444
1317
9993
7850
3381
957
5956
5400
2616
8938
4834
8630
7406
9611
741
2328
9286
296
9308
2942
8697
7856
128
6307
813
8825
1497
6213
6652
4538
2129
8746
1576
3580
9612
7314
6143
2962
4825
8419
6289
1076
5064
6923
2280
8526
1670
9931
4146
6770
715
4099
8571
9910
1123
6923
3179
7677
6503
3075
5862
4354
1443
3407
396
8083
5633
8211
573
5979
4070
5089
3690
1198
1237
2277
946
5553
3303
1092
2364
2672
4329
832
1665
800
7967
232
8772
2096
7227
7436
9780
448
3759
4140
8573
1188
76
7602
8420
6039
960
6511
9720
374
2101
2402
9529
1260
7739
6652
7780
4373
1192
3178
3662
1766
7369
7168
6798
7748
2467
4792
6626
3042
1542
2215
1184
3518
1603
1746
3027
8264
3944
918
7419
4184
2247
5915
4429
6608
3138
1926
386
9680
1432
5780
3859
3750
2765
36
8841
9603
9529
8303
4804
8450
2437
6261
7565
4218
6088
8398
5846
1413
1650
7540
1431
6046
8248
8476
8899
747
9508
837
2234
3705
3525
2117
4206
2647
1095
5098
35
2049
4845
6636
6113
361
4460
6070
7708
3733
5381
3539
5212
8516
4777
8865
2723
4100
9378
8428
7572
8828
659
4032
3008
8174
8810
2133
2150
5664
5822
658
5048
7139
6173
7502
594
4434
2048
5110
5849
3260
5957
7165
2144
4746
4232
9284
3085
6036
8369
4127
3906
3506
2706
8222
4904
4536
9853
4167
8120
2024
5757
3459
9351
2902
8425
6865
6506
8212
5111
4748
6890
7662
7764
8927
2951
9965
3194
8806
9394
8235
6993
939
2157
8487
5168
2517
1311
5476
1463
3322
9240
2790
7679
262
2333
7834
5757
8659
7722
9454
7783
9161
8572
6625
148
7301
8388
9300
3510
8533
607
5348
2716
5423
8726
2912
1745
5187
9886
1249
7485
3600
9799
3371
4289
7678
6691
6474
1324
1783
8992
1339
7374
8149
947
1441
4729
5290
9888
6429
8450
4750
6415
8388
1131
9094
4268
7689
1962
3756
1346
5584
7819
5868
1710
4193
3124
953
6482
5268
7233
7683
5576
3732
9207
7662
1884
1191
2258
7915
5770
9925
9468
5791
